 5 9
-60.960000	  0.000000	  0.100000	-60.960000	  0.000000	  0.100000	-60.960000	 
16.822370	  0.100000
0.000000	 30.480000	  0.100000	-16.822370	 30.480000	  0.100000	 16.822370	 30.480000	  0.100000
60.960000	  0.000000	  0.100000	 60.960000	 16.822370	  0.100000	 60.960000	
-16.822370	  0.100000
0.000000	-60.960000	  0.100000	 16.822370	-60.960000	  0.100000	-16.822370	
-60.960000	  0.100000
-60.960000	  0.000000	  0.100000	-60.960000	-16.822370	  0.100000	-60.960000	  
0.000000	  0.100000	
